Data Tables

Figure 5a for 900 GeV (data not included in the published figure)

Errors shown are systematic and statistical errors added linearly.

Eta = 0.1 
pt  value  error 
0.15  5.51   0.48 
0.25  6.25   0.54 
0.35  5.15   0.44 
0.45  3.89   0.34 
0.55  2.91   0.26 
0.65  2.25   0.20 
0.75  1.65   0.15 
0.85  1.23   0.11 
0.95  0.95   0.09 
1.1  0.64   0.06 
1.3  0.37   0.03 
1.5  0.22   0.02 
1.7  0.13   0.01 
1.9  0.09   0.01 

Eta = 0.3 
pt  value  error 
0.15  5.47   0.48 
0.25  6.39   0.55 
0.35  5.29   0.46 
0.45  4.09   0.36 
0.55  3.12   0.27 
0.65  2.25   0.20 
0.75  1.69   0.15 
0.85  1.20   0.11 
0.95  0.89   0.08 
1.1  0.60   0.05 
1.3  0.38   0.04 
1.5  0.23   0.02 
1.7  0.14   0.01 
1.9  0.09   0.01 

Eta = 0.5 
pt  value  error 
0.15  5.58   0.48 
0.25  6.28   0.54 
0.35  5.42   0.47 
0.45  4.06   0.35 
0.55  3.13   0.27 
0.65  2.15   0.19 
0.75  1.68   0.15 
0.85  1.21   0.11 
0.95  0.91   0.08 
1.1  0.62   0.06 
1.3  0.38   0.03 
1.5  0.22   0.02 
1.7  0.15   0.01 
1.9  0.09   0.01 

Eta = 0.7 
pt  value  error 
0.15  5.72   0.50 
0.25  6.33   0.54 
0.35  5.14   0.44 
0.45  3.98   0.34 
0.55  3.01   0.26 
0.65  2.17   0.19 
0.75  1.59   0.14 
0.85  1.19   0.11 
0.95  0.91   0.08 
1.1  0.59   0.05 
1.3  0.36   0.03 
1.5  0.23   0.02 
1.7  0.14   0.01 
1.9  0.09   0.01 

Eta = 0.9 
pt  value  error 
0.15  5.89   0.51 
0.25  6.48   0.56 
0.35  5.36   0.46 
0.45  4.10   0.36 
0.55  3.03   0.26 
0.65  2.20   0.20 
0.75  1.68   0.15 
0.85  1.21   0.11 
0.95  0.92   0.08 
1.1  0.61   0.06 
1.3  0.38   0.04 
1.5  0.22   0.02 
1.7  0.13   0.01 
1.9  0.09   0.01 

Eta = 1.1 
pt  value  error 
0.15  6.05   0.52 
0.25  6.30   0.53 
0.35  5.35   0.46 
0.45  3.87   0.33 
0.55  2.94   0.26 
0.65  2.09   0.18 
0.75  1.54   0.14 
0.85  1.20   0.11 
0.95  0.88   0.08 
1.1  0.59   0.05 
1.3  0.35   0.03 
1.5  0.20   0.02 
1.7  0.13   0.01 
1.9  0.09   0.01 

Eta = 1.3 
pt  value  error 
0.15  6.25   0.54 
0.25  6.78   0.58 
0.35  5.43   0.47 
0.45  4.12   0.36 
0.55  2.97   0.26 
0.65  2.22   0.19 
0.75  1.65   0.15 
0.85  1.19   0.11 
0.95  0.92   0.08 
1.1  0.59   0.05 
1.3  0.35   0.03 
1.5  0.21   0.02 
1.7  0.12   0.01 
1.9  0.08   0.01 

Eta = 1.5 
pt  value  error 
0.15  6.43   0.56 
0.25  6.75   0.58 
0.35  5.34   0.46 
0.45  4.15   0.36 
0.55  2.90   0.25 
0.65  2.24   0.20 
0.75  1.63   0.14 
0.85  1.17   0.11 
0.95  0.88   0.08 
1.1  0.59   0.05 
1.3  0.33   0.03 
1.5  0.20   0.02 
1.7  0.13   0.01 
1.9  0.08   0.01 

Eta = 1.7 
pt  value  error 
0.15  6.80   0.58 
0.25  6.88   0.60 
0.35  5.20   0.45 
0.45  3.96   0.34 
0.55  3.05   0.26 
0.65  2.12   0.19 
0.75  1.63   0.15 
0.85  1.21   0.11 
0.95  0.91   0.08 
1.1  0.57   0.05 
1.3  0.35   0.03 
1.5  0.19   0.02 
1.7  0.12   0.01 
1.9  0.08   0.01 

Eta = 1.9 
pt  value  error 
0.15  6.89   0.59 
0.25  6.87   0.59 
0.35  5.43   0.47 
0.45  4.12   0.36 
0.55  2.93   0.26 
0.65  2.18   0.19 
0.75  1.59   0.14 
0.85  1.17   0.11 
0.95  0.86   0.08 
1.1  0.57   0.05 
1.3  0.32   0.03 
1.5  0.19   0.02 
1.7  0.12   0.01 
1.9  0.08   0.01 

Eta = 2.1 
pt  value  error 
0.15  6.76   0.58 
0.25  6.90   0.59 
0.35  5.02   0.43 
0.45  4.33   0.38 
0.55  3.02   0.26 
0.65  2.17   0.19 
0.75  1.60   0.15 
0.85  1.18   0.11 
0.95  0.86   0.08 
1.1  0.57   0.05 
1.3  0.34   0.03 
1.5  0.19   0.02 
1.7  0.11   0.01 
1.9  0.07   0.01 

Eta = 2.3 
pt  value  error 
0.15  6.87   0.61 
0.25  6.57   0.57 
0.35  4.98   0.43 
0.45  3.98   0.35 
0.55  2.91   0.26 
0.65  2.07   0.18 
0.75  1.59   0.14 
0.85  1.11   0.10 
0.95  0.79   0.08 
1.1  0.52   0.05 
1.3  0.29   0.03 
1.5  0.17   0.02 
1.7  0.12   0.01 
1.9  0.06   0.01

======================================

Figure 5a for 2.36 TeV

Errors shown are systematic and statistical errors added linearly.

Eta = 0.1 
pt  value  error 
0.15  7.12   0.65 
0.25  7.50   0.67 
0.35  6.40   0.58 
0.45  4.80   0.44 
0.55  3.96   0.37 
0.65  2.77   0.27 
0.75  2.15   0.21 
0.85  1.83   0.18 
0.95  1.36   0.14 
1.1  0.90   0.09 
1.3  0.56   0.06 
1.5  0.32   0.04 
1.7  0.22   0.03 
1.9  0.16   0.02 

Eta = 0.3 
pt  value  error 
0.15  7.11   0.64 
0.25  7.64   0.69 
0.35  6.62   0.61 
0.45  4.88   0.44 
0.55  3.95   0.36 
0.65  2.80   0.27 
0.75  2.26   0.22 
0.85  1.58   0.16 
0.95  1.42   0.14 
1.1  0.89   0.09 
1.3  0.58   0.07 
1.5  0.33   0.04 
1.7  0.24   0.03 
1.9  0.16   0.02 

Eta = 0.5 
pt  value  error 
0.15  6.84   0.62 
0.25  8.01   0.72 
0.35  6.46   0.57 
0.45  5.16   0.47 
0.55  3.69   0.35 
0.65  2.91   0.27 
0.75  2.08   0.21 
0.85  1.71   0.17 
0.95  1.24   0.13 
1.1  0.86   0.09 
1.3  0.58   0.06 
1.5  0.37   0.04 
1.7  0.25   0.03 
1.9  0.12   0.02 

Eta = 0.7 
pt  value  error 
0.15  7.53   0.68 
0.25  7.83   0.70 
0.35  6.56   0.59 
0.45  5.22   0.48 
0.55  3.79   0.35 
0.65  2.84   0.26 
0.75  2.19   0.21 
0.85  1.88   0.19 
0.95  1.31   0.14 
1.1  0.92   0.09 
1.3  0.51   0.06 
1.5  0.33   0.04 
1.7  0.22   0.03 
1.9  0.16   0.02 

Eta = 0.9 
pt  value  error 
0.15  7.57   0.68 
0.25  8.10   0.72 
0.35  7.01   0.63 
0.45  5.06   0.46 
0.55  3.86   0.36 
0.65  2.85   0.27 
0.75  2.28   0.23 
0.85  1.69   0.17 
0.95  1.22   0.13 
1.1  0.99   0.10 
1.3  0.54   0.06 
1.5  0.38   0.04 
1.7  0.25   0.03 
1.9  0.18   0.02 

Eta = 1.1 
pt  value  error 
0.15  7.59   0.68 
0.25  7.82   0.69 
0.35  6.59   0.60 
0.45  4.71   0.42 
0.55  3.91   0.37 
0.65  2.82   0.27 
0.75  2.12   0.22 
0.85  1.63   0.17 
0.95  1.30   0.14 
1.1  0.88   0.09 
1.3  0.52   0.06 
1.5  0.37   0.04 
1.7  0.25   0.03 
1.9  0.14   0.02 

Eta = 1.3 
pt  value  error 
0.15  7.84   0.70 
0.25  8.63   0.76 
0.35  6.34   0.57 
0.45  5.02   0.46 
0.55  3.68   0.34 
0.65  2.93   0.28 
0.75  2.13   0.21 
0.85  1.66   0.17 
0.95  1.39   0.15 
1.1  0.83   0.08 
1.3  0.56   0.06 
1.5  0.37   0.04 
1.7  0.22   0.03 
1.9  0.13   0.02 

Eta = 1.5 
pt  value  error 
0.15  7.74   0.70 
0.25  8.50   0.76 
0.35  6.59   0.59 
0.45  5.13   0.47 
0.55  3.59   0.34 
0.65  3.20   0.30 
0.75  2.21   0.22 
0.85  1.67   0.17 
0.95  1.13   0.12 
1.1  0.91   0.09 
1.3  0.51   0.06 
1.5  0.45   0.05 
1.7  0.19   0.03 
1.9  0.15   0.02 

Eta = 1.7 
pt  value  error 
0.15  8.61   0.77 
0.25  8.46   0.75 
0.35  6.78   0.62 
0.45  4.87   0.45 
0.55  3.68   0.35 
0.65  2.74   0.26 
0.75  2.35   0.23 
0.85  1.66   0.17 
0.95  1.23   0.13 
1.1  0.81   0.08 
1.3  0.51   0.06 
1.5  0.34   0.04 
1.7  0.22   0.03 
1.9  0.16   0.03 

Eta = 1.9 
pt  value  error 
0.15  8.63   0.76 
0.25  8.20   0.73 
0.35  6.62   0.61 
0.45  5.20   0.47 
0.55  3.82   0.37 
0.65  2.87   0.27 
0.75  2.16   0.20 
0.85  1.60   0.17 
0.95  1.24   0.13 
1.1  0.90   0.09 
1.3  0.58   0.06 
1.5  0.33   0.04 
1.7  0.22   0.03 
1.9  0.14   0.02 

Eta = 2.1 
pt  value  error 
0.15  9.07   0.82 
0.25  8.60   0.78 
0.35  6.29   0.57 
0.45  5.81   0.53 
0.55  3.81   0.36 
0.65  2.93   0.28 
0.75  2.33   0.23 
0.85  1.46   0.15 
0.95  1.07   0.12 
1.1  0.79   0.08 
1.3  0.47   0.05 
1.5  0.28   0.03 
1.7  0.21   0.03 
1.9  0.12   0.02 

Eta = 2.3 
pt  value  error 
0.15  9.52   0.93 
0.25  8.22   0.74 
0.35  6.26   0.57 
0.45  5.03   0.47 
0.55  3.64   0.35 
0.65  2.80   0.27 
0.75  2.09   0.21 
0.85  1.57   0.17 
0.95  1.18   0.13 
1.1  0.83   0.09 
1.3  0.46   0.06 
1.5  0.27   0.03 
1.7  0.19   0.03 
1.9  0.25   0.05 

=====================================
Figure 5b

Errors shown are systematic and statistical errors added linearly.

900 GeV:
pt  value  error 
0.15 6.37e+00  2.3e-01 
0.25 4.15e+00  1.5e-01 
0.35 2.41e+00  8.5e-02 
0.45 1.43e+00  5.1e-02 
0.55 8.67e-01  3.1e-02 
0.65 5.35e-01  1.9e-02 
0.75 3.47e-01  1.2e-02 
0.85 2.24e-01  8.0e-03 
0.95 1.51e-01  5.4e-03 
1.1 8.63e-02  3.1e-03 
1.3 4.36e-02  1.6e-03 
1.5 2.23e-02  8.1e-04 
1.7 1.22e-02  4.5e-04 
1.9 7.12e-03  2.6e-04 
2.1 4.17e-03  1.6e-04 
2.3 2.55e-03  1.0e-04 
2.5 1.53e-03  6.5e-05 
2.7 1.00e-03  4.5e-05 
2.9 5.89e-04  3.0e-05 
3.1 4.36e-04  2.4e-05 
3.3 2.46e-04  1.6e-05 
3.5 1.55e-04  1.1e-05 
3.7 1.12e-04  8.8e-06 
3.9 1.07e-04  9.1e-06 

2.36 TeV:
pt  value  error 
0.15 8.06e+00  2.9e-01 
0.25 5.12e+00  1.8e-01 
0.35 2.99e+00  1.1e-01 
0.45 1.77e+00  6.3e-02 
0.55 1.10e+00  3.9e-02 
0.65 7.01e-01  2.5e-02 
0.75 4.63e-01  1.7e-02 
0.85 3.16e-01  1.1e-02 
0.95 2.14e-01  7.8e-03 
1.1 1.28e-01  4.6e-03 
1.3 6.61e-02  2.4e-03 
1.5 3.76e-02  1.4e-03 
1.7 2.11e-02  8.2e-04 
1.9 1.22e-02  5.0e-04 
2.1 7.51e-03  3.3e-04 
2.3 4.26e-03  2.0e-04 
2.5 2.88e-03  1.5e-04 
2.7 1.79e-03  1.1e-04 
2.9 1.09e-03  8.0e-05 
3.1 7.71e-04  6.6e-05 
3.3 6.10e-04  5.3e-05 
3.5 4.29e-04  4.4e-05 
3.7 2.77e-04  3.3e-05 
3.9 3.14e-04  5.0e-05 

=================================

Figure 6b

0.9 TeV:
Errors shown are systematic errors only. 
Statistical errors are less than 0.5% of the values.

 eta	   dN/deta	error(+-)

-2.25      3.60		0.13
-1.75	   3.73		0.14	
-1.25	   3.62		0.13
-0.75  	   3.54		0.13
-0.25      3.48		0.13
0.25      3.48		0.13
0.75	   3.54		0.13
1.25	   3.62		0.13
1.75	   3.73		0.14
2.25	   3.60		0.13

2.36 TeV: Errors shown are systematic errors only. 
Statistical errors are less than 1% of the values.

 eta      dN/deta     error(+-)
-2.25 	   4.78		0.17
-1.75	   4.81		0.18
-1.25	   4.66		0.17
-0.75 	   4.61		0.17
-0.25 	   4.47		0.16
0.25 	   4.47		0.16
0.75	   4.61		0.17
1.25      4.66 	       0.17
1.75      4.81		0.18
2.25      4.78		0.17

